2719 7550
5429 7728
5187 8423
7169 2065
9295 8969
4532 9998
2009 783
1840 6987
7387 6834
6332 4045
4755 6631
5788 8610
667 8047
7172 5244
771 5009
2035 1471
201 8808
4642 6497
1457 9585
1712 8309
6835 3747
8496 7689
8457 2475
4485 6059
2679 6318
3487 7758
7240 907
7012 6338
8908 9250
6970 8774
6551 6779
3524 1104
9608 6336
6614 3953
4713 1633
5140 6626
3899 9362
6094 4018
6242 2103
7017 1463
1045 6451
9097 8816
4775 3360
4928 6574
5805 624
4504 3610
760 603
5382 8269
3720 9852
8092 1956
4910 1128
5878 7122
8594 2406
8617 9590
879 2021
4398 8548
6863 3778
8621 6217
3146 1014
9744 3173
6112 3970
2816 4644
8582 530
6809 7693
7439 6445
9404 9146
2674 7472
3400 9361
3905 2511
2170 7494
3887 3795
7705 9783
9800 7454
3721 3557
2136 5380
7998 6175
7945 7180
2695 9887
9845 9275
8707 758
4752 6675
323 2203
6574 1826
9415 1436
5284 4073
4160 192
690 2740
5929 9446
3029 6601
9375 1540
4046 2620
4988 2121
1614 7212
419 8597
8167 4016
6736 1442
8195 3185
8440 9606
2900 8523
1542 1543
740 483
2295 8902
1014 4965
287 830
3941 154
3503 2988
4722 6216
9703 6879
970 5571
7998 1920
2609 4680
6872 4773
816 1795
33 7898
7936 8984
9499 2052
3422 855
6079 5480
1790 6913
1030 5935
7356 9222
9083 350
7080 2134
2256 965
7236 6288
5926 6023
1825 4734
3465 7772
638 5113
3433 437
2736 8135
3778 6082
6712 9253
801 6811
2556 7402
6744 7664
1239 1936
8768 5711
7133 6490
3816 7366
5348 6394
8413 7727
709 4480
9791 2902
7619 8634
4897 8664
403 3325
6831 6567
1809 6424
4033 1687
3355 2163
6161 4526
4910 806
2010 3307
2514 5717
9039 1860
2791 8907
1141 2643
9550 6842
1113 4016
3121 9346
6975 5858
5857 5738
6751 7836
7819 4022
4624 196
5132 886
2464 7829
9759 2573
4674 4526
3503 9231
999 5843
940 8299
1501 5807
5681 5660
236 4800
1865 6831
9378 3397
8118 4312
3452 9680
4344 1337
4194 5607
2644 6759
93 1379
2457 563
1160 5425
6552 4596
8621 1644
8893 8487
1338 4815
7627 6479
5564 9728
6400 6871
2350 9519
5078 2153
7352 3926
6566 4526
1125 8752
9850 8506
4055 3674
672 9541
9024 6737
310 5189
6611 356
9815 3300
2196 5458
1760 9840
1656 7501
4063 7552
2536 578
774 5453
554 3509
2839 8340
7061 4912
7818 4934
1727 2606
1276 3062
6091 6380
4148 371
7889 2151
9770 9466
3066 9854
1444 7073
2283 6999
6445 7865
1351 4810
5168 4906
527 4046
4773 353
5896 3203
5124 1969
7163 2656
1066 3328
83 4469
9188 8147
8520 9106
9062 2087
621 7085
8689 8587
5986 5727
1348 8808
5848 8586
6419 9621
6290 7903
9827 7689
5273 8458
750 2198
7902 4591
9970 3539
728 824
1821 335
5146 523
6075 2617
1970 6335
8301 4658
4129 764
7255 6997
2089 5178
5662 3541
7091 775
6391 6251
575 5616
9486 6911
4276 7661
6763 2747
4388 4981
9741 232
4918 754
3604 9343
9895 2517
4531 8725
1460 2207
288 761
1014 6011
4279 4359
3591 752
1378 2452
1420 6602
9833 644
1212 4299
7279 3212
1172 8699
464 2780
7926 9522
7702 359
599 4415
227 3179
9165 9121
3671 8751
6807 4434
3676 4931
1544 9894
311 7442
657 9716
4399 8216
2543 7313
5126 252
4560 975
2356 7230
2132 4742
9008 9050
3949 5315
8483 7654
426 7984
9696 1040
7771 1966
7560 7197
7978 8302
9909 3834
5856 1514
2802 4271
7813 9588
4894 4596
3517 5547
8158 2312
802 7844
6595 2067
6219 6140
6790 9815
8474 3638
4183 2731
9691 7069
6713 8592
9878 692
3180 4936
3308 1195
7069 5320
1584 6283
7875 7244
7117 911
1012 3897
2437 1598
4298 9807
5337 1087
3688 8654
7153 2731
3446 55
1707 6399
6269 964
5369 5466
7000 6478
4513 7486
9537 4284
5242 9525
268 6811
1659 2825
2986 5165
3205 431
9562 9391
8626 5759
7912 279
3969 9669
3751 8977
4684 8569
5485 1993
7394 6285
2212 840
5179 8025
3255 7531
1304 5609
3899 9390
287 9321
6097 9272
1870 3255
4770 141
3051 7800
48 6205
5651 5060
3284 6303
2075 407
21 9100
9899 6138
6203 3784
6711 1249
4881 4419
224 4694
9428 898
5109 8214
5841 4512
7228 8783
1088 1562
7959 34
6677 4144
6206 6665
6609 3277
3297 5719
6715 5871
6512 3921
8000 3676
213 774
85 9336
9701 3001
2068 1933
1819 7115
7216 1989
8037 3357
4801 3817
330 6093
7034 1296
7476 2839
1638 1690
9598 6546
855 968
1727 3504
5854 3221
2973 2284
1450 6245
6486 7511
9790 5128
6810 5936
3247 5777
5447 1269
6148 708
2512 8558
2148 142
2196 8486
9085 2479
2425 6925
5958 9545
4585 5302
7330 3688
7464 2913
8870 5718
686 3160
4044 5002
6799 1902
6009 5590
7933 7580
663 5153
2474 9589
6502 6736
9548 3500
4435 6834
4293 9147
6044 7167
4852 354
1891 1638
2834 3133
2450 4484
2572 2538
2967 318
942 7062
160 1947
8727 3445
3014 7165
6544 4063
2177 1489
3219 3716
2406 9802
2155 2520
410 6222
1709 6888
5991 8157
8905 1134
7909 7464
1887 8085
7098 8929
5457 8297
8958 3837
5749 3934
3338 4332
4657 5206
5504 2470
1960 4355
3910 6386
3272 4625
908 4843
4923 9398
659 577
2659 9713
4481 2318
9652 6791
7588 5142
740 9830
2791 8887
4039 8358
6078 4792
8097 2732
6217 1189
2637 5972
5518 154
3580 5080
1719 8318
8539 214
1590 6713
7242 5658
5310 6481
2470 7390
6917 9559
985 8235
202 6026
688 3086
1325 2714
9741 3473
9100 890
5793 2905
1421 4336
8562 1795
1628 3007
7053 3574
1729 1585
3450 1629
358 6707
9336 58
2103 1443
6304 9950
1412 652
2269 6868
8653 6279
6805 4517
8138 7347
3702 4220
7894 5436
6613 9735
8801 2762
4099 2200
6363 6649
3728 549
1797 1108
944 8612
420 3562
7346 1283
4350 2297
4773 8662
3458 8151
6084 8840
3170 2147
927 7158
258 9328
4915 2180
8058 7840
3629 6365
706 1526
8662 2485
1918 3696
1489 5205
7603 9547
2415 924
3172 4796
6034 7952
5794 8463
1704 3444
9036 8488
7375 3084
2346 9863
7799 4482
650 6317
3596 5468
9989 8231
5973 4030
3525 1425
2979 7527
8570 3746
7089 4954
9293 8949
666 7571
1715 293
5357 9990
7230 9464
3855 5934
8460 9972
7621 328
6536 8009
2131 2106
2045 7898
2013 195
2838 3731
2038 8496
626 3574
6341 4354
4907 7689
7491 9023
7107 7641
9051 7932
47 8862
134 3162
7840 5270
8126 497
9152 885
6231 8647
2401 12
5757 8789
4892 4572
9214 8462
9185 4371
9157 5016
9016 3750
9474 306
4032 5909
353 153
7239 4448
5493 9185
1623 159
320 4122
2696 9982
2935 6302
1861 4138
5299 7302
1440 6970
788 9900
5974 6751
5655 254
5954 9828
6152 6236
9561 4880
131 1100
5159 3761
1785 1335
2308 6430
838 2449
1895 8823
3011 6694
6598 4145
6844 2296
1351 55
3076 4607
9753 6460
6705 5811
6411 1251
8566 1266
7115 4194
2802 7419
8416 2403
8993 8302
5717 4370
2815 5094
4285 3334
7134 5936
741 4941
6204 1283
3510 8598
9237 3404
9523 6725
6048 7369
963 1146
6694 4809
302 1330
9073 1086
4023 4830
3282 1083
5459 6361
9250 8808
4985 8257
4567 1200
1460 1694
2792 7115
2221 5062
8583 8327
241 3111
4911 560
6090 8101
9383 9063
9253 2082
1184 5048
8050 7642
7560 6430
9894 2989
8883 8733
3972 6068
4345 9787
6559 1569
6116 4865
5107 4135
8382 7328
1036 873
9135 3477
2709 6332
6776 9328
9464 3539
657 1352
4771 5379
4532 2795
1593 1643
4556 2164
5856 8392
8957 704
4558 7948
4770 1215
3505 9775
8165 1474
5913 4811
8785 1680
7195 8352
5251 6835
3130 9561
8537 1785
8315 8802
2257 8779
9304 7619
4089 4806
2158 9920
525 8735
7287 7165
7934 6337
5376 4752
6536 4637
6977 1620
276 5711
4907 136
4847 4062
2984 8761
8136 1003
6821 5696
2209 4081
2412 7727
3646 9537
6082 4825
9487 1010
4968 7731
9364 8284
696 2683
474 5701
136 4748
986 1096
6214 8782
9196 2560
8637 4981
276 2171
9080 4152
9825 2941
7906 6390
3601 7663
9794 5675
5780 6081
3809 2064
3888 9865
9363 2582
7142 3251
3321 1745
6381 865
5020 2684
7959 3276
5412 273
1038 5095
3695 8362
7570 89
9836 4250
6914 2685
4194 4856
2520 5492
6084 718
6396 8041
1593 5893
8193 2775
7196 4122
9631 553
9791 4196
1753 9370
5685 374
2001 6857
722 6909
489 9195
1281 9273
9996 6552
1192 8480
2182 7854
2729 9108
3342 5799
824 6035
6579 6360
8370 9699
3729 5713
7077 4795
9583 1544
2724 2686
2987 4950
5829 3559
4265 3812
8810 348
6076 8424
8486 2806
5287 5413
8427 6745
6732 6547
9114 442
5854 4887
5111 7462
6111 1927
7541 2749
8778 5859
7020 6757
7308 2914
6939 550
5775 826
9444 3395
1077 5931
6834 3154
1578 3126
9192 8957
618 991
5040 5106
1982 2735
5561 4913
5775 7314
4481 3285
7417 4060
5135 7255
9509 8468
3386 4384
6148 6402
121 9965
1978 8934
9832 5322
3703 232
2462 1123
95 6522
4104 1614
7645 4968
8443 7931
2900 7540
4858 1252
9266 6399
1030 9452
5609 4148
7563 4121
6320 4434
9657 8347
7688 5783
6188 9502
3401 4325
9685 5399
2796 9102
1628 6692
9049 7041
6281 3114
965 3330
2822 6287
1203 6953
9912 7196
5849 439
9071 2164
5092 7486
3209 7169
2410 2077
4498 6695
178 7923
1408 9948
2882 7650
8155 4245
5229 6995
1108 2645
1370 472
5733 486
3157 1450
4563 3396
9936 1411
1372 7556
9687 248
9239 1502
1518 1926
520 7629
2490 7546
4861 668
7538 922
7353 9901
9857 152
2681 1635
550 2335
2693 8561
534 7594
4186 2995
4783 2855
938 1766
8803 5474
8978 1463
9918 1706
6952 4171
1427 5281
4051 5418
5968 6900
6411 8044
5550 6313
9193 7984
9602 4872
5563 514
9152 7878
5736 8453
4758 2915
8901 6984
8174 2437
8384 3321
2923 6324
5705 3249
6893 2863
2344 751
891 4675
8943 1366
673 9458
486 4730
6395 4132
2498 6802
2672 4915
7763 7721
4427 5224
5206 6909
8626 7872
2611 3097
9618 7976
2680 3263
6287 8239
7556 1139
2529 8831
386 2899
8648 9940
3764 4903
199 6272
3964 5998
2527 9258
6748 4726
3794 4542
5258 44
6630 9426
2968 2671
8732 7405
5042 3002
5686 4645
9542 705
5108 6335
5901 560
9764 9184
1807 8883
8795 61
1268 4962
358 9719
5940 2341
6052 4883
9074 5480
7364 1600
6383 8382
7006 7662
996 3062
3526 2178
282 7446
5846 5912
773 4192
5475 6882
3682 4246
8100 1898
7583 1504
2941 6196
6695 7871
7823 159
2934 1196
265 4203
7365 2135
62 367
2062 9761
6784 1865
6466 9966
6452 9939
3313 5103
5215 695
7958 8123
4284 3313
1472 9553
9623 4991
2314 1027
1900 7307
3528 4842
7089 3295
2469 5001
5773 4466
7854 1554
9658 2240
4589 6706
7120 8825
258 8110
5700 8445
8414 2055
8390 984
2914 6820
2251 6636
4380 4408
2496 1929
4613 7036
2464 4637
7257 3325
131 7495
3347 7950
4752 8412
8534 7665
3017 7898
4669 6079
2737 2816
2261 9339
3451 9243
1829 4966
7605 6212
1596 6477
2988 6424
6157 7150
6951 9633
5761 7324
5617 9334
8663 928
6753 3641
9658 8638
3286 6787
6333 6963
5530 8549
