73717
16106
28937
72909
20912
23736
37912
13928
36025
44524
8087
39449
81283
78149
83874
50471
63841
49064
48237
35017
45752
49055
36663
86302
86089
64567
6687
40567
85858
25605
56680
21398
9541
1328
17422
54779
38491
59014
97886
49731
70844
97657
52692
23027
20223
65249
52838
83338
81231
69654
83635
80082
23582
96997
64138
65310
48676
58605
80937
13179
92537
97826
55812
90847
87262
1374
21551
77094
99443
76417
63130
80518
48536
74198
92500
17866
70732
63765
64386
74858
34594
85262
7766
86813
33602
41225
43154
44459
77689
16454
79288
51476
80975
52318
34535
34677
96108
39679
8083
35129
76985
36166
33905
89114
61090
58142
86512
41511
50274
45457
71692
20997
34557
47970
27686
46398
47339
36823
82686
26611
62409
572
63062
62675
43225
46538
23401
59919
33165
91136
74203
10538
31800
89405
16010
12507
36699
23639
49762
49470
42899
43736
22360
68000
82857
27770
83663
53634
58598
10315
76590
25089
64697
8150
55526
37316
25870
58234
29862
8306
76138
71253
59339
62067
87910
95482
85721
10691
18771
80399
71391
82181
81380
27195
29613
37488
57604
14226
73488
10150
71843
89449
81048
45021
10504
29022
72458
8732
24651
71481
21958
93870
81101
50315
81976
41285
33563
64239
79733
60514
69923
44106
57707
36993
54334
98149
68482
76555
23524
43134
1797
52634
15571
57980
17005
89689
6368
28574
77715
37527
4097
87714
37013
65542
5250
92544
1478
33303
47105
23295
10102
74529
995
31826
255
65131
38357
16166
97004
32865
67222
48182
54383
6050
80697
35461
97611
91876
80928
55655
63796
21043
42151
61767
15321
94745
54661
20257
4898
22496
47862
10330
4186
44839
25046
82419
68882
93672
55147
46603
2406
54753
57431
37608
97516
61864
83929
82021
80666
70217
51416
75488
57413
27836
99801
62906
58842
87997
57037
3029
18801
83226
72017
90371
69584
11944
36361
1947
29804
72520
53641
34142
72302
16318
30267
95863
2256
81267
56146
28157
46058
10541
15172
27577
50052
57148
15710
60863
14892
24506
59471
71853
46072
95566
73492
98079
84083
58591
14457
34087
88673
46373
17135
1325
90882
67525
99484
10270
93772
23395
55781
29513
98205
72224
66139
8623
53546
23379
25844
36874
84831
18766
51191
58298
27742
86023
49825
5029
10594
28621
53083
55538
58640
51701
95420
72090
60102
9300
91726
22685
25658
98553
7196
46671
93498
19534
36373
80427
80634
65561
8098
19711
57762
8158
11320
58669
29797
93258
93047
12003
37096
70815
14225
96432
53427
38715
61905
20305
45881
93626
6783
6155
79246
46440
64064
49930
92739
77976
62544
2805
50535
81827
51931
46720
69215
65547
81629
23171
54997
58809
65566
66269
41578
7744
7114
85746
5389
18343
95752
43300
49284
48648
2843
66580
87930
39368
97744
49098
38587
15647
77440
91497
19508
88891
52987
49856
84840
36877
64287
70065
79694
42819
1040
3866
81977
29613
92222
21711
8581
34198
88999
60411
2721
28761
6746
69374
86473
10486
10665
48270
57997
49578
26473
1078
36422
6513
32732
66713
9102
3772
44618
24831
15646
64750
30261
16894
11125
13115
10274
67222
86828
59555
78695
36506
91134
89715
49241
91121
85332
7003
74700
25619
89658
77080
9179
32865
23322
66974
83078
76568
18970
71130
38858
84326
96833
69114
32029
45795
16683
65271
36247
70248
86786
19323
4022
30524
98190
88708
25234
96241
69966
68411
94548
38178
36443
32100
45727
67830
80992
49552
36012
61409
22607
79725
66902
5945
91278
16188
9036
96639
86091
92284
58375
9242
96012
37015
88430
69011
77472
9488
79050
38646
25162
29707
96112
51627
42841
66557
68417
24511
19528
39991
58228
91972
43064
43801
50061
21782
37857
97743
88741
83411
96501
93384
82152
63552
86029
6724
46762
44654
48672
12446
14679
88400
84342
49616
39878
95076
97405
56702
38191
41919
13898
14975
70751
38778
26970
13673
33820
77789
8119
77763
49252
95293
29726
79674
59341
8830
80393
90092
17386
39817
18779
9717
31033
83384
3886
63812
59294
40851
60190
34456
86129
87450
84513
51598
93572
8166
78223
63320
35585
97937
93103
58171
70201
88953
12174
17981
41968
37444
47760
38287
19321
75073
28273
65277
82203
5949
62446
63143
24147
9281
15196
43761
79959
89795
2790
61842
15272
3330
16683
2989
17442
73374
15153
69546
8627
5826
79796
99701
61338
3887
19952
38971
34366
82743
22316
20040
62707
84582
85262
96854
28946
98481
47809
21931
15560
96852
21720
52046
87652
10353
61862
16785
83906
76590
64735
86852
99851
14402
68024
34649
32028
95186
35020
88276
14233
5431
46944
41954
17749
20562
93479
807
6298
39137
47241
5992
33461
58630
31436
7379
45363
9241
41616
25275
4682
570
62251
70156
83361
77511
26712
69905
80898
26314
5317
87778
12671
19557
70255
1105
78470
39624
78462
50706
65286
74292
33975
64039
60352
35168
39774
1312
50536
9960
25836
73084
62412
22963
44861
30353
53681
44607
60080
33661
1093
60599
10560
66463
42597
83892
28606
69805
22203
68617
1118
40317
54850
64133
12202
51577
75583
29437
77848
30094
62407
13473
85141
41491
25433
95233
78293
19888
36262
69053
91652
4071
31045
55137
15896
27707
58225
13095
97799
47698
57727
37164
16202
84694
52167
15772
47266
92868
2670
45256
30607
72219
31950
97769
74565
86027
45529
56826
93664
48479
88349
50408
54200
3097
58478
31195
14971
21245
62195
76248
89278
11854
35520
4322
21645
48400
76025
38035
68103
87285
25798
70199
92408
72906
21503
28905
42256
99075
80685
74327
49294
23839
24871
1710
4685
15356
49414
69631
97994
40144
37701
20389
71313
91867
83014
10243
32862
98730
25207
21245
94682
40653
31326
83507
47581
53564
49398
97036
63159
97465
42844
5620
17523
17400
69310
41763
64199
31970
2174
31297
44806
42776
5620
19051
15198
69953
64848
52836
82072
83931
41869
42007
90451
21603
74288
88995
75993
46270
59590
77454
97713
35072
70656
89051
96528
55032
29587
12421
82902
19413
26384
2450
42943
99791
6643
45793
66441
6047
68123
89422
42614
36430
99916
92995
39774
42912
69901
72966
83617
53240
16287
16620
75542
40417
27235
57584
47139
32772
98937
20874
29969
13355
46977
65165
30707
66088
8401
72737
40953
87901
12655
63399
78263
1051
18382
37735
50371
67857
10067
87119
58098
31301
23577
43202
4141
79260
22911
77965
54656
57540
81790
6931
8531
37516
33199
92744
65227
77790
37596
94105
46240
6184
86227
55899
17547
88244
99812
90393
80764
41560
4875
56461
49319
1365
70057
4107
2577
42198
62988
14879
15663
12867
44650
35308
95612
47508
52610
70124
15529
74216
37129
74749
27596
54575
4849
62452
53062
52300
93638
20556
92718
47338
49110
12213
74964
82901
98463
25520
60170
57268
20491
20112
49848
49614
91970
12912
7074
99686
50093
39291
80602
44853
48228
23693
39296
54863
98006
94640
65790
94580
84558
83020
28677
88045
13750
49726
51093
53405
299
98934
20193
27538
33928
46712
36816
1695
67038
31126
87557
44994
51850
69685
32464
1327
17579
92663
40781
7047
18912
6765
74415
91734
5915
72577
14212
92427
62477
11386
47700
32879
35465
92192
88558
93710
30037
88145
77909
26803
77848
33094
25422
47815
94415
53617
84228
74380
29454
99624
17857
64429
79768
47502
9638
48926
78077
3796
85459
46465
93174
94526
69283
93297
76887
85516
67509
21712
71544
42462
83018
72129
47986
6006
92689
29814
78650
26672
83169
35840
62838
77314
28881
33716
12014
36563
13498
78055
71815
15809
41560
49722
4435
84340
60410
93082
80143
32545
14314
15302
29915
1453
82404
65085
92504
98385
9984
38791
48755
13125
28790
45591
73562
46781
75953
114
51582
66357
63680
979
96682
2099
22107
96694
87065
11785
36285
36577
78096
46369
24957
53662
83110
64808
63511
29030
18799
62368
36474
42525
96268
96348
15888
23553
1429
15918
1112
77430
49149
28647
22841
77736
14393
65282
9579
83157
40587
36498
38317
58517
521
10566
42827
53995
38339
79282
32784
23987
52498
20998
84812
47624
89070
14219
2622
46646
2341
2996
7523
83164
5393
66217
12919
59768
77200
96895
56790
37513
14741
54704
14681
33504
18734
15235
92411
59125
79813
2848
2484
12373
88327
60501
61081
43371
25389
79536
3578
70770
5434
85202
5667
38612
31249
49523
14453
68143
91279
82178
39324
77136
75994
32127
25889
10477
15218
18033
37985
50092
41501
93864
2507
49714
66000
47577
29729
70571
12804
25426
7836
77772
95200
72170
84537
93960
33157
78362
90899
96779
5098
29861
32979
89725
99040
61896
75355
72185
78260
30209
67307
83754
4879
25229
17199
373
71091
71684
3513
15402
72250
75750
22035
47422
18622
4523
7829
78384
23320
8525
37945
40664
22805
26950
16209
39648
83303
47461
64962
19663
21569
27640
306
55379
21690
23542
47171
78270
60913
12321
58445
28258
67019
40523
38443
54386
17298
77400
35128
75145
54957
3462
57831
49081
42604
18509
97566
99291
94446
10500
75627
81699
28915
86864
22773
86247
61693
33268
96116
12606
15404
31316
73727
67603
56768
36315
28018
90196
84574
88998
68106
21692
82558
10939
58659
3829
20132
12450
68138
5402
30868
23829
72869
49314
23751
46118
45057
36245
85422
5892
82628
38585
12997
90108
96694
68810
76518
31666
58479
10224
47668
14103
21708
34751
47135
64702
78717
22448
56838
9314
78994
40445
15216
69315
37373
35225
63845
91372
85751
41469
41932
14082
77016
13138
31504
92036
32758
38018
40662
17494
37372
5656
74805
2627
20349
60431
86478
11132
35789
86440
13367
57057
43624
38944
10880
20781
20560
58327
60908
67363
80386
76814
91561
90849
63121
55642
73993
49621
60347
70972
71968
2507
80133
463
7339
3142
19101
49319
70411
60909
1475
94490
47933
30836
65380
18828
63503
51920
25150
53162
25224
13633
15122
43579
53680
93708
25130
13648
19670
76852
70848
96874
55579
33612
3159
73373
16891
11417
49884
56573
61041
65672
508
40692
79699
37795
89918
37785
67485
69207
10730
4388
35276
25560
85439
82061
79447
93835
59398
53600
99752
6473
33548
47234
18025
41325
41868
4846
87466
43951
92661
67029
98015
19676
35066
17770
77159
46846
82639
74604
57483
69803
24321
6258
32380
40399
79832
9154
49562
90230
11259
76555
98353
32264
85572
49709
31219
10183
93775
49045
22594
36509
71628
45288
8774
86457
34094
45302
71515
43462
31131
35528
24918
24470
55944
47089
40308
48310
88494
80946
97020
48878
36845
58915
78357
76332
46830
46960
41465
74150
86548
30808
77450
67658
76403
10822
43805
50486
27616
22938
95053
9453
72611
85594
59477
85480
19184
18735
9922
28399
37016
80315
54865
66906
89903
18140
32300
81390
59955
40492
23461
37033
71082
67624
15988
7302
8222
38068
36898
93836
46053
8629
44529
27757
46363
4989
15620
19524
56761
51061
88799
9751
45076
29530
28944
61745
33608
3475
58248
28047
55245
59508
59301
17886
39562
16601
93066
90214
51126
81527
90397
97838
44541
21847
69539
12224
71185
70393
4079
65625
71091
71413
15863
57465
10127
27849
95662
85290
77384
11672
60677
77089
40606
54753
42483
21426
68530
46443
61580
14577
68153
25859
85454
69741
52244
71805
85906
62401
47824
61327
8367
18044
79858
89093
41012
83687
16092
14110
24734
63059
38716
27714
76349
36770
16490
17360
6911
33438
86951
34418
4588
65514
22534
60984
17286
94372
46675
10684
14055
43315
86423
91501
26279
34194
96577
4833
69746
83652
67053
54338
26940
58357
29971
90535
25195
55089
15839
22704
80897
41189
69281
88337
92442
63625
23878
82178
55425
10801
53007
11854
42390
90263
58960
65162
36395
67547
36160
45262
32800
96710
45947
54335
26878
61430
70209
83745
86190
37084
69026
99242
66167
78836
53531
93520
64913
38523
99367
15170
28976
13995
68393
73094
15679
38592
76688
58443
89588
25548
45484
22384
80769
92370
98251
97283
60721
3631
22006
51350
98235
87110
93797
22368
41864
97837
84335
84773
38327
27368
89949
66243
36865
81479
11282
44820
48424
78488
92580
25708
25524
52522
58958
18051
3736
81328
40677
6336
98966
96576
53264
38480
86034
76127
10210
33253
93553
62360
81017
43358
37686
98403
71524
97325
83099
25002
95735
83304
63251
34758
28766
30901
14166
37583
79086
93431
75906
51505
94864
32225
94192
96307
24030
57104
10974
33988
80579
82699
67223
69696
30656
18968
53802
99487
1142
26096
37017
67189
30741
28895
54278
71617
28978
3892
22282
47548
82038
23484
25232
29085
46067
65849
53812
92450
98314
76759
47003
66718
74415
99985
48294
95665
6153
76699
25425
31635
88187
51075
18545
43207
44534
9246
75501
22475
35991
21829
4943
84846
48213
56434
28041
64546
26851
75877
37826
22377
80904
40270
81510
98803
58366
86713
65618
65031
9296
69022
46370
47547
90575
1728
8448
27423
33909
67536
54172
44718
94062
15481
22033
70427
17807
98241
28669
43694
25781
71342
81579
10365
79181
4473
41201
40477
11158
35656
20483
46907
38830
32755
97647
75147
35944
13558
83586
85063
38539
15688
29175
99494
76373
588
79746
51671
71378
22076
84084
23706
21113
89243
43509
31757
89937
5936
42983
80003
63540
74608
40619
75170
83520
11037
4591
66119
67841
28207
77166
48877
40290
12598
14406
56503
37473
34208
97098
35302
35414
2789
33519
94154
39486
7138
77905
2120
11194
51686
69839
960
63222
35228
59201
93867
40218
301
18991
69437
16919
18550
63997
20790
87539
67353
87154
23776
90720
96065
97424
45295
12899
76388
93099
63052
39613
80745
32662
91407
79013
34927
71707
24527
64818
46891
18851
27629
56931
22246
26216
29908
97126
38796
70746
98574
44490
67455
1478
2462
10717
94895
24886
5787
38879
24506
75471
67880
20973
6539
72030
63120
29318
75766
91361
76772
44785
55534
644
77077
885
20807
77347
11699
26894
99586
11187
27498
65490
32046
26586
66617
60763
99799
85973
48987
61029
83876
34432
11627
57504
9350
24372
38462
84710
86933
15288
80931
41369
67503
78114
39235
51594
84133
46304
46878
75337
68087
46460
76994
94346
90126
10214
67982
45286
96581
16011
48088
45217
80805
34558
23823
56289
54957
54917
85507
66280
64507
49568
74701
19542
18403
96252
52942
18926
91556
11975
8947
33435
93092
70320
42314
88640
83780
67005
65776
87286
69107
70660
75174
6075
90642
45833
46576
41254
87691
63512
33353
30431
3633
20754
52516
60945
66944
75514
69256
86166
85565
65349
11375
10230
55118
19396
71191
69048
96399
91890
81474
30781
5643
42423
84132
62561
22258
63277
45603
61855
93029
7378
11284
30689
39252
1747
32840
78830
13788
40826
46869
78086
68776
41636
31139
54015
41503
8441
15503
93652
5902
98463
78597
68243
30209
2148
18563
18527
27511
51579
46271
26771
85195
48865
12932
4524
11817
62678
50448
58001
45397
75584
72518
54012
25910
77407
57253
98528
46504
90587
7926
57263
62958
82361
67497
93042
58924
65532
44689
68288
35724
14720
94627
62596
19754
28202
85436
85165
58022
46787
73711
19756
2884
661
6390
25887
70760
92713
64307
34141
96393
42601
63600
15731
94212
9647
35137
76888
81353
84625
9268
27183
13155
90605
43436
97528
31209
61254
43600
38414
26517
71302
46885
11824
75856
78410
52539
1339
18167
98220
11000
4053
99558
75134
6785
35265
30505
30182
99883
72270
66857
64332
22498
87146
47472
70694
63216
70064
95606
62276
9058
24464
18637
53316
57392
23316
21263
41666
54288
51749
80992
27336
63677
25479
21596
67982
22527
66748
60096
16010
91286
39900
95939
3921
65934
97270
57222
44624
78271
62688
18122
91665
74429
84718
54124
60665
28105
24656
7246
47754
14647
5315
92088
93340
44861
35846
85417
30332
33311
45054
6888
24733
54866
1152
16590
63524
25392
69376
26307
69848
27730
60563
45668
28714
92481
53601
61846
87813
34639
32528
81987
57490
41719
65120
51274
71511
6794
63978
96335
86023
725
13364
33646
87893
81898
15507
25643
55642
48864
8575
63455
66254
51578
35226
4489
69368
90288
95380
95523
56725
47628
99817
67553
39184
19111
52198
97305
6256
29965
26294
92169
83795
52121
72485
70225
24348
64199
82988
75112
61647
29424
68839
86693
35799
1695
53274
62754
48977
8394
65977
74447
42746
15
30550
78744
97648
1342
73598
4849
43241
46650
47995
18343
32544
32274
55160
66787
78652
73912
71610
3546
73289
13141
33565
32821
7140
77887
10059
18161
90049
64969
99788
49208
25485
79338
19836
66945
28195
34258
15457
6454
86517
89447
9257
27976
61578
80040
25392
72028
84435
68289
69814
92375
59196
31989
21141
91881
5257
88925
88380
10531
75004
44973
21501
92414
64687
45012
18809
88968
95646
439
61057
39527
80652
64808
16422
6990
5870
30020
2755
36399
52781
19478
63911
47257
56383
61755
15515
66634
46086
38578
42170
59407
43928
14311
82906
14414
1118
70616
24570
901
38334
89608
33900
18300
17857
51578
98189
24199
16309
39218
11712
40329
85605
69311
40525
4424
86752
4952
21757
57031
56146
36649
5192
26649
17330
59000
24719
4021
82441
11177
95125
76961
97105
94043
65770
30809
70118
24526
26807
6411
94958
38702
55934
47447
14038
9083
14034
62034
98595
98727
46630
69683
17172
35009
24729
4038
43891
49324
63393
94238
14094
95457
89332
53333
69326
28989
89799
60862
46323
2885
64265
38524
55305
10261
17612
82806
61796
84343
79007
36515
33104
47773
4155
52338
35735
88634
20273
25864
73220
28996
2936
52972
35171
43237
31835
97024
87886
78063
58537
35014
74388
23883
33484
88624
7520
88071
81776
36102
33570
24675
87652
43916
15866
82236
46175
53352
37883
41639
67221
6533
53608
29316
71730
98766
19300
7600
3015
99710
25201
63670
87013
94539
8394
41279
14507
58085
68705
85350
85610
89904
28395
98485
52254
6249
73376
40629
17924
6160
88759
38313
5563
3161
54784
8337
84343
41517
523
42223
53920
96580
22217
42407
20808
92401
60708
48902
65694
56662
98151
46021
92773
72868
78038
92787
72615
82844
74534
77740
38593
38751
37236
59154
73573
3167
15664
15018
28349
48199
24172
93653
46218
10187
42415
25481
29115
15232
59115
29179
69908
2593
57590
21372
92707
37966
10368
17986
88499
26689
97152
97543
6897
8139
85544
81907
66503
36880
17109
78387
76140
33586
22751
18598
17128
19296
50814
24110
22810
30297
28946
26678
5711
47693
96451
71714
24961
65705
37742
37665
57069
65785
19458
11106
31638
59836
83900
67594
20273
15130
79678
21705
21750
75975
16813
26212
69369
52728
17977
19940
97516
57474
211
46637
43554
27456
62110
93042
28503
92352
70380
23368
55334
9488
36599
19506
87276
12325
50134
71553
20163
91846
86382
1620
42663
57908
40840
45379
86099
8212
49012
60454
1670
66220
39722
78502
66969
36148
35150
68699
16040
63156
54745
34389
7585
79860
2144
21732
94492
66535
14324
79472
34503
51657
30436
72328
86634
31895
94122
16995
70854
96230
37576
79380
29589
97550
8224
44462
18757
26908
89609
46029
73331
10569
36924
22553
37841
68015
94592
47602
25757
40308
88416
68425
73366
22485
88015
74740
83506
11138
16635
11261
12492
8864
44882
42101
39538
11004
42525
72983
72184
36844
78237
38043
83504
57471
51002
62003
47284
15467
8871
15671
35897
27877
60862
92905
72257
13149
16007
50633
82023
85250
89919
69960
75135
13648
3701
16068
96796
56624
62626
97347
27171
37132
42749
50077
76375
45392
32445
3985
16709
20479
72844
16137
17658
84334
16242
95863
808
75957
74768
81817
11650
60982
62961
73747
13109
72410
47365
66208
41720
71926
3846
79180
31482
8111
49079
31453
2761
87733
56478
56635
33960
69408
88814
18758
82275
35110
79898
44737
96468
94304
75875
54289
69387
27944
3069
34433
10884
85122
63771
75336
82813
3868
73953
56993
26922
39385
47635
52138
33799
47991
1462
89759
46369
93055
25
5757
65038
10438
87558
92495
23192
95275
54879
47400
31585
49325
71754
12268
48019
58751
74389
89562
14792
55828
35296
19718
20521
54916
58552
4403
85261
42982
37278
64624
38205
48010
82168
29736
55856
4834
79970
63664
55136
87235
69060
48010
90767
77619
25607
58232
89101
1101
38258
88703
61652
59577
11927
5235
80732
63124
81943
29488
66870
71058
38699
88741
33110
23005
59887
96581
54827
61563
22525
65366
85346
22434
20182
89651
17438
95348
42180
81311
98685
39665
80999
81696
44734
72246
21737
23919
58618
31987
33159
69258
56619
65339
23773
95647
21539
70255
48278
73377
52801
82118
49894
23356
59450
84600
2246
16685
46905
80781
70862
40793
81240
65468
48812
27003
75790
98305
33579
7165
34045
89132
3039
42861
85
71928
17202
49697
13207
61810
19396
21318
36949
60688
35649
43056
34349
1536
74240
73466
91093
98662
8763
63542
46086
1920
87481
78022
75051
36531
49403
80927
86874
46939
43164
48396
34744
53135
38720
75841
14526
70901
93758
53613
21328
43632
86894
95589
61912
82723
57902
18498
75361
15925
1585
86294
97338
98662
46383
53503
14292
51984
11377
64257
93149
52637
76112
89565
39293
15704
16472
14417
31049
78288
56848
18400
2448
13953
63899
28814
97660
81912
60463
63599
320
42426
69510
22933
48846
50411
7486
32950
84899
72976
34026
92831
46296
63400
30710
27339
7959
64031
25393
929
94908
3609
620
6654
39838
768
24721
3362
34466
84725
22411
38057
28647
96659
58071
56781
64136
40811
39354
77037
90935
13048
61350
67495
3305
46447
2290
56615
49823
78387
50585
70839
17260
61725
90001
85099
61612
13782
94839
53674
61238
21249
90236
77792
96901
96479
14036
57884
21354
11277
76154
73016
67208
17940
48962
27790
55928
4135
37944
7875
13129
18145
75701
89346
65725
44068
54397
54118
95037
2764
61780
74029
46619
3640
14193
39515
52343
74828
86285
25293
3205
54847
21657
5126
22335
37563
71212
50494
26868
24065
46773
73850
34607
49997
96319
6176
66827
24993
4196
30660
22098
42012
94750
29587
47670
88715
71046
39892
14750
20457
51689
54352
11895
35026
78243
50006
6810
22974
53316
73157
90971
54170
35147
61180
13786
1180
58321
35363
33440
93120
72270
56154
60065
39833
89258
92419
43569
65551
11830
19699
63231
43644
65989
28984
9072
29638
904
97102
6071
48347
28488
42631
21415
2820
66953
67068
12308
37697
21277
60037
17222
7684
80482
29419
67058
73013
36753
2543
94296
68084
34601
32985
48043
66924
39674
38973
80770
99667
76249
94081
58563
57947
20064
88609
60908
63918
48854
80948
78251
67542
46817
62210
86065
79883
31190
64569
72617
46287
19245
53962
24328
12705
82192
61232
27411
40805
38863
22252
27345
83111
26509
17236
98810
38100
48638
22161
17870
66993
40541
11140
95439
68921
12014
77558
26530
79226
23746
73932
33263
76816
28939
5696
31331
60859
64964
52514
29341
84495
11178
32188
78422
13826
38536
66902
25475
14168
64183
59266
87632
52304
89985
36513
57763
43474
47765
75208
71289
64878
96006
75950
13070
3657
12861
17818
19848
6643
8561
85659
38435
51622
36632
29864
32835
65376
17814
87862
94432
72522
3185
69350
98625
70934
93692
83144
68495
94499
2164
62522
51570
42014
90830
28099
89228
22237
42489
12489
59993
89402
26668
59407
7713
20960
3498
1368
23564
19878
67457
14757
36829
7513
70771
48820
83569
9891
81960
25977
64604
30173
28884
14884
74596
43156
47589
84791
82611
43825
8379
59995
71144
31326
18757
6573
95425
12147
9194
76
7685
61853
92215
42500
2156
93446
47836
19597
75670
42198
29129
15485
66073
91778
558
30484
26026
34533
18664
80289
13339
80004
39800
89779
30630
52
92848
33203
26866
26412
86160
13939
81302
97069
27480
21682
26309
81551
23175
52657
29805
2002
88836
29329
50218
6920
47155
10104
97397
47418
10955
36616
81354
52145
49354
26480
7425
96257
13260
82739
81199
12294
52739
57765
19494
96395
93286
78986
24662
21957
50609
16559
68717
84662
54269
49020
50999
67752
19357
61901
38566
34482
52383
96465
71975
25879
2614
50964
20838
66257
73365
25174
3265
56367
89051
90507
41256
64641
73315
62591
10126
10665
31116
50985
54206
71850
43422
61577
83343
34201
76946
31195
35150
51142
83393
81109
86473
70570
12745
86362
24209
39606
93341
71218
40402
98964
37879
57548
99439
34413
18901
12590
36221
61519
19959
65274
83321
81651
9347
86188
92454
62185
2172
55251
10970
61903
73460
73310
97634
43785
60138
9104
13594
91693
42928
11452
4260
74896
30540
57983
95693
84956
78035
56394
65140
3181
58813
61957
9549
43657
75410
25870
28133
56838
38141
43069
55490
71711
62589
25231
30324
773
37038
84955
61458
31339
89180
80494
57622
79175
37771
36909
20405
86004
49367
29147
60815
1102
32899
85291
89010
99067
95543
44128
44095
50733
52190
80163
76257
82299
27825
91348
67059
28930
17171
30050
75373
13393
69221
46154
26213
57742
45602
2707
17646
66625
61208
19131
6986
4494
53108
94796
51645
25784
39498
66620
22284
7106
24264
58351
76348
73534
74751
86354
78569
7278
50377
96927
81698
76337
87996
23598
35522
23182
56241
69327
75106
9072
75539
38180
50266
18304
63132
63790
97408
88511
3103
7809
22187
48075
60300
30538
56805
9766
53994
68076
79363
90933
82231
85567
34281
4872
41029
14507
72617
95452
13946
23575
39041
67628
17012
17089
68203
186
71591
2923
17461
13852
43514
22632
55155
7866
30600
90501
44080
71174
2731
45379
8301
20580
98683
79422
48143
17526
62171
71234
72962
67601
55911
17397
54210
12456
26953
26023
62356
82476
9167
8711
40360
90407
39470
83153
83719
11033
33217
77676
42478
10114
11191
11082
34153
56947
95676
6458
58174
79247
96361
85971
32230
96497
88139
85163
28821
98443
42368
19931
76352
19160
10727
37075
3249
93870
76544
80227
45901
75683
82325
6940
11593
32469
14156
99863
86171
40273
73783
25185
2822
39002
97373
4902
43124
18541
86324
85956
24468
59052
99947
8950
38959
57850
22453
1874
48055
37129
57402
50160
4537
41699
21608
23400
68754
3994
7473
71173
9655
74787
57831
35693
32786
92370
50576
67367
57190
90400
21730
70851
71075
25168
65065
53820
32147
36757
33976
98439
42670
45360
37053
26367
21590
23958
62629
82176
16464
81663
89549
17145
46513
38174
41533
15689
44706
69150
20682
70024
71638
54722
12067
75208
6835
68943
85788
86295
84159
6662
35498
52110
27154
56127
83104
16034
57465
90560
48216
53184
94845
70020
27860
95503
40838
16053
57115
81529
39854
45946
24507
56002
41150
30861
97375
35950
43155
72648
71878
54547
87575
77888
99925
91770
84918
44479
61014
1778
95331
66046
40838
50927
59074
2525
50453
87472
69466
61446
69944
74257
7828
83776
28718
29069
14707
30601
40898
33852
54596
22518
98794
93582
42380
92276
89994
48381
38916
73049
44348
68306
90431
59623
35986
89274
81828
47899
62452
80692
97545
79254
98161
70637
35240
90662
72589
92788
97395
98879
54964
60824
93811
27599
36700
20649
24027
20154
90406
78520
72843
67148
50030
54078
44402
18386
547
61248
80724
41477
87559
77121
59101
35727
57306
19191
39412
9230
15760
14679
37230
79503
51868
12201
31491
63600
4463
55647
76508
82311
64948
12910
77319
14867
98599
27963
4590
5540
36189
43813
70763
41550
34561
25954
62608
92938
29948
1230
27061
29309
10981
15377
36969
5880
19744
4020
21305
41735
48664
66540
30418
96971
38627
29960
21083
92173
99461
90902
88369
3623
67735
27656
41767
10719
88831
81526
21547
68253
60314
16893
77996
25528
1876
82793
90930
16737
23451
15313
89842
2573
47595
39764
46019
51764
4798
54299
47185
13004
61142
2568
32453
42731
56546
71972
60823
22236
28833
86224
9981
18808
73918
96182
53808
19911
45690
11276
46805
96841
30446
55388
51548
34888
40269
75636
81312
700
57293
80309
94180
4373
26545
33025
67217
53736
38898
84252
99727
91354
67627
78401
43115
50980
22191
34994
31559
69480
61046
65772
92477
42728
61665
56113
48674
19504
80418
8769
85100
86139
47547
20661
42312
6457
33204
39388
16009
46512
89358
25067
87419
31680
19371
25280
82863
54858
52108
56159
62477
78847
700
70981
67841
53416
67405
89207
16214
98140
15503
53476
15052
85767
66732
79853
84713
97704
98531
67486
19471
13159
9169
37850
87430
36513
90828
80869
68420
63716
818
95475
55644
37814
49289
25523
1614
46138
28198
8518
71845
67266
90713
74186
80776
84565
52881
52741
23589
44922
30081
78519
84850
56221
39624
3688
321
85199
97865
68869
71821
38488
15271
12740
86689
83974
46094
41095
73155
97058
80693
17313
30872
96942
77971
80850
11879
71788
23021
48077
91417
78383
60796
719
60322
41911
446
21100
91125
74477
6962
90584
78513
77238
96851
27793
31482
90303
32785
6628
99280
6995
68533
60562
46166
74670
29938
49353
51037
62929
30298
37043
97129
91919
9265
6010
34298
78336
53170
10827
41787
74825
1713
57832
92918
49636
71001
81544
24820
77760
26180
77454
46081
92147
18237
42221
73109
74242
59017
66923
72061
46699
46110
26785
97312
68016
64974
11669
59752
18717
89517
45613
28609
11807
74330
50854
68999
56425
81854
22010
44122
52885
15999
89462
65738
99813
40074
67521
59530
49584
41357
2543
22961
56995
67232
58952
92390
27918
98563
6987
3528
89609
44776
4995
24687
72427
42147
1227
65833
13899
11860
15352
18120
70398
87616
98258
58340
49115
53948
10251
60654
53609
45853
2360
94016
69876
47948
33227
47825
6720
97079
4926
20662
44132
36181
55085
27355
36467
89126
99772
28167
63375
26419
81911
60551
20794
69813
43326
58698
96721
40270
5041
79034
82059
88158
10095
10837
25532
57177
55863
40301
53465
24228
18782
53694
40185
26294
53355
10626
32842
32359
29461
91993
5661
43504
57238
28844
42942
7535
37188
48162
27569
15843
64652
29503
42359
9679
12453
52437
75260
60605
13222
28918
56247
5632
63844
56990
43673
11379
78424
2633
20946
13570
23334
15110
60535
28294
78136
7819
61681
59643
79565
91442
70586
34739
22258
29107
47457
81586
9534
94294
53437
27813
70304
51385
92303
39081
84054
46053
56729
34782
84842
88072
96997
15624
47404
32693
51215
12802
93688
18372
50422
21668
96536
98414
39416
14174
98731
12048
34678
33811
10242
76419
74487
64402
94287
45210
3113
29786
3668
71843
70935
25313
82876
35639
25388
4026
8571
37857
13828
40504
1300
51168
18740
73568
4699
10950
98138
85394
94926
69630
9571
9060
52697
96423
54862
69130
3059
93891
94500
50636
3915
20092
45549
60621
43292
50479
95032
93427
87525
87223
31889
35968
7728
25336
24977
52475
330
14721
51991
69549
8970
15196
14751
41807
49643
27583
60008
16033
38757
98106
61722
27449
24658
35620
10723
55576
27145
51618
713
39130
96667
31489
95770
99481
15120
72155
13835
50455
73543
76025
63097
78572
78542
74069
23755
62305
58860
61905
76339
61557
66298
71908
39574
49226
91055
71651
95727
75646
40561
74413
49429
53588
63009
70991
87173
26682
32047
43749
78976
37261
47454
3594
91180
41059
48161
98497
59882
25588
78573
78198
8214
76688
96916
63915
77487
3409
65217
64133
82173
75275
14523
97987
91745
47915
36091
36272
88603
53186
9540
46775
50620
8084
42335
35417
59294
53149
61470
7591
40046
65473
67862
35132
99903
4079
36697
3500
39619
36129
22869
31049
82236
61265
9656
97675
78135
98385
20886
93650
17841
24216
2125
1121
8142
56310
64779
50553
44543
54403
78522
52270
43622
73567
92074
89311
82565
40182
60114
71984
29960
37463
55012
96738
41878
81154
46013
22464
40334
37937
35716
75779
87416
89232
53857
23589
17670
71271
21859
5949
93802
28678
18066
5196
6291
3269
93229
38336
46218
42371
8565
98825
42425
51688
94579
41209
69070
36592
57859
97431
97685
72681
95155
37223
89078
21560
9356
36593
94681
61002
60286
98254
64442
30012
24829
75725
38892
98773
85436
88870
36712
61078
13901
82815
35954
12536
68102
74457
87014
21723
73455
51190
88485
23397
17947
35014
3272
63017
49843
1846
91602
99994
30573
50640
90054
33500
61804
49839
71269
49075
75300
49709
77702
96916
46970
38264
34610
3444
72362
35781
12367
86563
19847
68330
26332
92047
59909
34227
33606
93544
54172
79056
10404
1946
76191
24613
71167
11175
27535
55093
21113
66974
7329
49846
17622
82813
91145
66196
52671
42812
76060
18102
58464
25380
52648
66856
81477
53269
71846
38538
66329
25837
84872
9612
40201
17520
47731
56833
90974
32883
98401
50554
87818
93077
34351
81536
1654
91135
40864
50541
44738
94254
46471
17273
63538
90069
10824
633
87167
70890
82460
45798
54803
24968
99172
25279
19851
57097
42067
20929
56056
92164
95901
41744
71324
24804
12918
68363
68705
65821
25160
79322
80822
1854
1104
6402
43944
28536
96479
86826
70996
39422
6257
28594
28972
53023
85046
81890
25547
38527
66510
14318
62099
57135
78940
20582
15962
70390
23721
58310
73376
79508
56204
90852
46450
50419
84364
35166
72384
48075
79641
58341
11248
50574
76463
39818
29838
38722
22241
18035
83421
59887
27973
70015
84625
46359
61115
30320
79310
27888
16997
41820
32937
15661
2831
44922
67757
50732
69213
54127
81126
3743
28045
41265
18251
84749
2928
43231
68931
72056
68317
38751
7136
97231
47132
93458
94704
29736
52998
55492
26032
89179
82939
94867
99298
75701
89082
18992
61587
49808
83827
64050
90229
11748
61923
57312
40720
27551
55043
69035
12785
23912
69680
24220
60490
27347
97580
24316
99689
54372
29422
36851
46731
68967
47108
47017
55984
11138
17738
29383
10588
66146
63259
90215
60766
87816
33781
51259
97106
11288
69642
94432
92409
90702
97617
63453
45008
75510
69993
23312
8928
95463
21768
11311
1793
58790
90843
74501
40105
80692
18850
77472
63311
49985
26099
81740
73042
10581
33194
43393
31946
81477
83920
49195
37758
63990
9331
12987
12543
88234
61289
84037
24492
32172
35246
76889
90239
6021
96670
18278
89331
32432
23281
20877
59311
68554
76132
35892
29824
9958
16581
6947
97204
88349
93336
46234
37209
25125
33976
80570
2872
31030
88786
69764
56897
48510
91186
82645
43569
17871
18712
27099
13862
10894
61239
69652
79238
16331
28998
47407
84559
80521
62001
70543
58627
3348
34530
37162
22029
64870
83696
33862
6294
11154
29364
75269
65827
59212
94316
43626
44611
90396
78101
25578
93404
89220
85808
7481
19938
50294
63858
82803
94596
19886
48927
45638
27088
60639
93229
92859
75854
28024
89654
34116
51229
25368
83626
13644
25854
60618
25055
80805
71369
62497
83386
7258
99138
26281
21490
37863
94554
50174
46
79699
99413
92088
63040
78957
14932
23613
37157
9044
69155
83061
63070
94876
16813
32688
65053
28114
17163
6552
56792
86024
65868
94928
75945
52671
40695
48805
37735
55309
57616
3710
98733
71132
23834
15958
26010
29942
17329
76388
73947
36834
18716
16750
81259
65667
70499
52141
14174
28854
41276
9199
98173
11934
28007
74297
393
72414
38130
58511
47478
41531
55147
16905
89590
34871
6256
78505
50282
73190
18618
40312
34050
38318
72105
53790
98662
40685
30650
85516
37714
54806
61771
64985
60387
86936
34403
42070
99995
75207
18889
64235
30674
86632
99755
49277
22443
67733
51871
73294
18860
25894
23653
15470
78647
67117
17142
1434
82881
92492
54144
65124
72764
60494
70007
5457
49451
55127
82237
48578
37073
60966
39789
39056
82834
35302
70731
74114
43935
84902
10886
63822
90095
286
14156
47187
32555
73956
16382
19124
75718
30701
48963
26545
75937
27841
75847
73160
83495
41235
58105
32015
38420
38865
33985
2432
88559
58004
39149
63727
99188
44246
81749
71902
27466
81077
30060
17533
42143
37226
66575
13112
79207
85673
11796
6385
37528
2986
23379
22519
35046
40563
31866
22449
65706
70403
82947
27323
20075
47170
17965
99706
58462
95629
39369
91039
54370
27899
75858
61821
58235
18551
83150
56097
66650
17208
90637
65030
20675
58101
31639
45712
98315
33934
75486
70820
10891
37472
13427
72319
60768
38389
37108
8172
68812
55232
88341
24808
33904
2747
51954
10120
44029
43357
9680
31848
18653
48233
72380
34399
25519
78202
60335
23556
81481
27625
6888
2947
16633
35423
19439
38776
53723
56599
43586
20032
30754
4866
41167
50234
73650
22421
11004
53752
7999
6437
52358
4836
84160
23496
95417
90700
78364
72975
570
1381
23976
18315
58801
98533
21701
91133
9223
52939
75251
87282
26576
56231
99921
16290
21479
6172
55461
35962
39269
36798
61809
2516
39471
14862
66488
93258
87238
52182
45837
13584
90560
89911
38772
83025
72605
95165
31382
6067
77228
73071
33434
72650
67529
38010
13725
530
92261
6684
90247
27103
62960
72603
3223
81820
5867
96685
34362
21981
27025
1887
74049
94490
56365
91141
79662
94055
17181
17320
12895
24351
1075
21584
91652
32839
15261
22154
43016
82188
9074
79420
97760
41702
79587
85279
24014
30640
2435
24653
57954
22025
33255
35410
52754
20271
77601
49218
33551
58931
32754
30370
15796
25835
63534
42169
17123
12102
86055
61251
68742
98767
98277
28995
11377
40186
14308
76208
42877
76900
30572
82330
69912
12332
76292
33646
4511
17432
78174
26322
37737
85345
99748
19584
17394
44159
99498
81921
54436
49998
88756
88946
83611
24983
60248
25369
7886
74995
1272
15547
63335
20723
1658
57126
51399
2124
15986
60548
98841
71227
41993
3536
22195
71093
32628
94133
93155
9818
67954
98471
24087
77583
74872
30188
18748
22080
97611
17224
62274
93020
89972
58732
56652
89996
21528
59924
43128
99593
64276
85880
91390
87471
53699
6738
76868
19022
98750
16095
12117
18235
48953
92114
46014
38605
13668
36494
95361
12149
68454
70346
27509
63046
76589
87982
69743
20939
99946
69712
81396
45588
72778
32972
88088
79362
64385
57467
43946
76965
62207
54455
57300
22819
65589
62937
88132
35691
92265
46194
1393
77445
64554
31002
39326
28193
60340
78802
58082
63670
85076
3211
59119
72312
45393
51471
34311
79289
82318
48811
35155
2689
52679
64114
71111
53037
30965
92950
39868
1541
40739
69691
93188
84701
14600
14320
46012
83357
24828
91488
43615
12771
22955
9501
11868
87010
75897
15098
29036
75658
88665
46281
74039
53831
59278
89888
25762
57479
20171
53212
10697
95120
82216
99712
22151
34446
12416
17665
63191
77653
44389
87629
97669
62856
41967
89653
28906
80664
10541
44398
64007
74700
78210
13694
63250
2842
49398
95516
18672
71922
67251
35964
53675
22845
7974
46562
86405
35322
70180
59022
53612
41854
15436
71614
48861
89135
62314
41358
89219
61678
35651
54500
87894
87295
25083
64047
76828
76929
12562
17662
92883
12401
87184
11754
13977
84783
77534
98379
7454
3396
96653
40372
31928
40835
12812
57132
16010
52981
30489
28555
22553
14576
90221
27865
95449
40782
73478
35400
77489
22996
29268
44919
82469
93273
22846
11567
2431
45838
43765
6387
31840
86483
393
36073
94487
51014
71134
58680
66045
32499
78750
76057
95451
83690
3516
12043
41671
15777
53379
91753
58908
97582
64839
21811
82944
70280
16992
33955
94053
31943
2976
95150
57809
13458
17989
6237
74117
62788
91143
8064
96920
78091
9589
89187
22285
81852
57666
42427
80963
7994
21280
48924
13008
81808
88269
77803
46675
8622
9224
77164
51581
51252
70016
97827
86963
68574
67271
35109
19905
7985
71048
95904
45517
93019
5210
98399
1295
24087
75264
90004
31296
15054
25907
25430
22241
21313
16073
81297
3289
76019
57964
96267
74012
40331
78373
16423
927
90778
25544
94447
1989
12295
62879
38139
20560
38977
61998
28913
75618
86299
31965
34112
63365
48307
98946
18366
76875
91202
81131
18641
5086
60779
87428
85288
70137
35350
5268
7049
63007
98026
32802
31901
41341
72718
53830
67527
60528
66654
49993
95339
19332
88972
94082
60195
14748
69648
70758
4281
17282
85979
26538
98133
97448
14864
59597
84331
57075
68273
21756
90167
44849
36603
19958
84392
64549
60001
72610
50154
16559
71300
97361
21312
48482
5851
81186
82551
29075
53328
11109
65062
1216
34496
24452
79022
14249
21954
71192
11715
83809
88054
67823
85852
78100
55436
62058
16489
83608
46084
20786
26934
60364
73295
99869
84113
57121
97640
53702
92092
20176
72779
94887
38806
96104
39890
19939
25513
98265
90520
75643
21097
79721
6820
52482
74042
31068
5410
56515
83789
699
56537
29138
80115
17139
23713
55355
84306
78345
70692
25505
29096
61251
12423
92828
95704
96331
44526
99826
85773
46586
71882
30066
83600
28127
71070
78871
79791
10382
63690
26318
21297
37979
48006
38998
24783
23468
34891
23205
40361
70324
60700
1523
80959
99026
4491
87237
38920
65522
19938
86543
95931
81022
3283
67233
94949
64811
57865
94354
83527
87655
83029
48269
56804
92365
10648
8607
25363
10241
35992
8820
8286
27341
41387
40328
4952
92912
90841
12713
30468
3830
81770
56972
9088
43519
75949
92543
7592
1565
96014
65614
56301
51138
66093
6193
49267
15315
95580
44452
37128
10561
53574
73093
26253
15827
58200
41739
75971
79167
9773
21867
42089
40218
29719
86298
49312
16563
28161
6000
87834
74717
12273
78754
20046
82385
64770
69169
52184
17622
67313
57625
72699
92652
17155
66879
84231
35393
87000
59416
59297
60057
7845
76050
31135
49750
12474
16852
90651
68595
63316
49181
97964
18670
2532
64391
32825
57914
4491
94749
1977
99188
81200
45161
93547
17773
89780
90471
18612
4870
17753
38461
8342
18014
76689
61072
41445
95868
17661
51963
61131
24420
93000
77210
3385
64439
28007
47759
99090
75862
33545
57184
31372
3819
85874
96391
26505
23127
23589
78067
31841
73338
63223
78011
87409
54798
14829
27926
29223
97684
86778
74801
71763
60614
5046
55731
4740
63183
36431
23801
4935
7651
97396
639
7771
99004
50687
24289
5263
29767
40379
7250
37043
56168
92662
18842
19445
55656
14498
58510
13917
22263
55144
92229
70543
25938
56609
82881
95045
34741
8248
57273
78346
74643
37996
17427
96641
80703
18158
21819
36876
75513
37176
33455
27655
96052
90502
55961
58793
78482
73451
56353
54102
1906
16837
3649
21462
86747
92227
36260
41814
41166
27800
7833
74460
49804
18109
51220
49881
3132
81409
43282
93269
72858
16797
49442
72053
49040
40045
76207
88945
67978
31784
62331
48354
76438
14633
94848
8505
97399
86887
44909
94192
85265
79524
80149
85816
84362
70619
25281
19214
33546
86606
10663
27739
91879
43419
69772
33181
95576
32158
20845
45300
94814
33750
95395
61130
60492
54952
56849
64656
95667
14096
86277
15080
34127
69138
98986
77611
59469
72851
95681
94553
32027
60407
44983
16458
68147
23143
40277
13180
76531
98959
73169
62916
19786
14576
18294
73650
35795
47795
29755
25903
23148
38943
8197
38266
67664
69836
9314
47949
62858
45888
29524
67391
56268
62394
22641
24981
35637
9563
72534
23018
54240
72515
71096
49260
82982
12278
28293
59770
68451
71690
71599
10240
70674
36168
75857
50555
52143
93476
1397
13103
90507
78882
8170
19171
91355
62523
56767
99744
84639
34331
3336
77117
98536
68526
44764
81970
17936
4478
72900
86868
51229
63628
52191
21674
48720
33226
43775
98893
38723
86777
60896
17761
73298
78380
55455
34673
4561
43560
3563
84573
44667
62723
79167
12983
97787
95024
79131
31600
90789
70221
90588
41718
70846
34011
71968
79226
82816
78358
52768
22504
86989
52505
43964
70284
28673
42629
90916
40385
25119
28523
93659
62186
92371
74208
65673
35835
94930
86058
1569
9381
64453
76790
76513
81369
252
6586
5836
70935
33958
33649
51927
10009
13486
95665
77345
2961
37301
60902
8015
67888
49017
33127
88452
20695
84444
68010
82134
88234
48503
60389
94468
39972
87767
91524
73245
9027
15918
83393
72023
32866
44017
93106
45592
81565
65257
94697
83471
57259
44734
37810
77357
42232
68780
43221
61462
45115
15536
93678
60939
44711
18686
5180
32829
59213
9660
18635
86484
74932
40118
34702
25925
53106
6148
25712
65318
95986
18378
97661
30562
94078
88068
42616
74917
95315
28254
17232
4673
33862
1162
6652
32056
31397
78334
84690
46861
36880
18310
61019
25785
2234
8215
13957
78952
777
60201
43503
66855
82876
1489
43434
7718
29010
47601
83558
35261
4263
2390
13606
59884
40261
85611
48827
32507
70651
49008
73960
9582
24440
5304
7082
70279
37880
60949
97716
42378
80033
13134
94627
52116
99757
44335
7898
25023
92584
23498
7160
29768
54809
2034
43248
75056
39048
74858
54123
40840
50689
62017
17510
49415
27801
54798
42547
59399
28484
61716
50593
96188
9068
84418
81415
16150
14196
51295
75133
38638
15529
37448
22550
69854
29669
3709
46966
85658
17874
94475
79047
36601
20214
44449
13027
87786
5072
57678
87276
8601
21210
38859
15197
82925
24117
76452
3446
19118
10939
99922
33606
902
39020
59324
50777
35194
21927
4397
97909
21018
93810
72539
58265
84805
8044
30205
20059
1720
89312
50718
57083
50084
89652
52952
27080
26537
8462
69968
25611
83261
24034
64479
97366
35427
49938
58842
99127
26945
73405
1333
29012
35669
54851
47543
85163
45414
67742
96038
93703
11441
36285
80745
50555
98518
84711
89081
54671
76227
46436
44447
71184
14875
93964
64467
52234
37198
41120
82227
60439
45968
38052
96779
85435
65695
26416
1306
17417
7803
47240
22587
43299
92968
97215
93793
60864
41761
10473
74135
64220
75299
2424
23525
39883
51286
49772
38169
26991
97669
96614
53866
37422
96051
70315
27820
2005
10082
62859
16884
7557
50239
83477
80410
16122
15714
16539
49269
12584
56586
25093
19087
9741
55006
24871
45404
50942
32818
16195
41178
89577
54860
1936
2972
91971
12131
38520
21141
5658
37062
63967
61478
58535
24348
22020
41020
6070
5083
54662
59106
23510
49402
66665
86283
47953
53398
75282
58264
11174
99769
45789
69937
68274
68459
79317
15242
19485
13519
63254
72816
42880
15463
16466
94349
4291
64593
61696
12922
87359
30068
35709
51932
91473
21975
4111
81721
78220
59168
82230
40671
8038
14382
76059
10271
97904
19912
47965
9522
48179
82119
80741
53092
32148
71058
60524
99720
15319
22740
24220
2647
73213
15846
20280
62224
6153
62154
13052
72342
7491
80503
20357
46987
27704
7818
11588
10924
91014
37528
9312
39460
63405
65654
31220
36175
41371
67907
81258
44695
29235
27338
48825
786
99554
81381
3205
44467
85903
59592
76691
28315
40246
38927
14378
77782
98124
52130
31168
82095
34076
46574
57272
20171
56969
5887
72327
55014
90334
14712
25232
62163
6341
68187
11892
93027
33696
2018
36296
12322
39559
46468
11691
90316
93435
88154
68085
75244
57092
57233
19922
18970
8668
44372
13494
79898
1441
91845
17473
81089
78137
96159
41968
58712
10192
5811
71574
96190
8036
97078
76102
2777
53257
63209
19054
61821
36418
57931
18352
43586
45317
92880
26443
50260
37677
396
87616
36668
49479
38038
99219
29190
35635
29270
50445
47535
13164
5934
37431
19259
78742
42464
56662
65313
2253
49217
59998
26386
55907
22888
14140
94460
24485
35632
44915
11733
56478
81371
62517
99954
58140
87686
57661
87210
2884
44745
30603
6345
27020
98947
65055
49422
9449
8249
87260
76062
87736
58587
56840
89934
45910
96387
20497
17367
20324
40830
22245
44754
9137
1372
4573
97337
38199
40940
53805
70925
31578
93316
39851
60281
58474
64386
75700
63104
79947
21281
75178
76967
98647
830
18870
48039
22669
49364
47565
75062
90677
39572
90190
19817
69593
96919
98913
26163
28465
8105
7947
3779
12493
77090
54565
89821
89760
40403
910
62000
19876
52778
73452
39945
98492
6598
93235
78214
64605
54185
4584
23973
18561
60681
22490
85078
87856
27074
9666
30206
95098
87860
63053
21672
27928
5900
36597
63690
84199
58235
52151
34114
67413
30924
53621
56041
37162
18407
40813
57192
77254
53486
78892
59602
30241
77679
16994
39896
61196
98545
65222
1328
55924
70486
73134
2744
29145
78649
24777
96773
16761
1684
15436
39791
52966
78469
3488
49595
87746
6356
37096
3215
83215
54025
39936
86941
38287
80763
2786
33363
30332
15773
68482
6135
29751
66083
16631
22159
38812
89662
51416
33022
29636
91581
70956
22755
7867
75325
49868
17398
8353
8852
98065
43317
37086
45529
68268
15881
9649
73771
72320
87841
628
56041
32115
37642
10687
57796
34788
31893
78444
60030
83811
53368
12800
95267
37709
46141
98058
46166
6343
92854
28921
98335
31073
5608
65407
44541
9555
81620
58719
96161
38546
47499
88281
69563
38806
91932
67458
80037
95034
65513
20844
93958
90749
8629
9579
61060
43128
53533
82788
73023
46018
35139
63037
71995
10721
36565
31605
63266
53581
90076
65398
69980
17038
51844
91514
4586
26518
69815
67718
21709
79362
67972
67544
60116
34010
77425
47216
77730
17710
54996
98303
32884
99275
43361
44757
67500
79738
43308
25930
3424
38247
88295
18165
71838
33124
34259
86767
57488
98739
3487
27375
54424
97707
50384
51248
97983
84871
49083
92439
58970
14647
38116
66534
60288
76524
95723
90416
3715
74860
60893
80398
75091
78583
59863
82139
29881
54014
45539
49887
47872
59740
8196
84897
85732
26325
69816
63272
49195
65611
31549
32026
52871
54450
4030
28794
34929
15958
13678
85447
46428
77708
44594
8735
40551
20745
45316
92148
45763
45930
2424
2324
18668
74826
58893
636
37337
71173
34070
5986
13897
16016
84299
78371
76392
94584
28464
4464
94247
56310
51094
96199
99069
90668
87188
71316
83143
21020
87547
70795
41617
56236
61135
82315
61226
55593
91901
81143
48327
56286
31469
70255
32082
84878
76248
55
74836
24093
47768
74688
71029
34602
8412
6752
18436
37770
61241
65107
1107
49834
2220
71525
32032
20564
15909
41083
65420
70181
31570
28480
3391
37157
85643
37880
89950
46503
68662
77403
6320
83229
69950
91063
56005
8902
71806
80733
55415
90564
86392
38605
26434
20750
73179
46690
21021
94944
22534
64022
94738
78524
41938
14543
86042
39115
35313
9043
51244
42216
23065
83060
51246
8084
10713
9332
85450
6079
77343
48134
20704
19005
21639
31784
68710
44478
72856
40618
23997
12934
46884
16894
86387
92611
3392
80374
56843
20707
39075
54741
13607
46860
34151
87552
46780
214
54487
48072
53775
94551
146
17125
75536
67324
82625
41029
83970
7874
7686
7676
14743
67747
38458
17017
76385
61733
14328
60477
56629
62073
5189
94235
89926
60305
87695
89856
46318
21272
40467
72388
51130
82048
68550
10875
47400
54915
83922
9085
68539
77945
88513
55338
97388
19384
28907
29456
49662
82743
17811
32138
34724
78327
46360
97489
14676
23949
43462
72960
3962
12635
73650
2605
25999
38357
3264
29365
70765
2208
6315
39993
77882
30855
25999
12253
3375
26757
55577
88217
15156
35303
53236
89737
2173
57934
59526
12607
75275
62223
43118
84438
83992
40035
60864
47956
72799
43082
81531
36206
52805
81548
89090
39034
70454
5928
51039
21308
13439
4821
10039
42436
5911
42145
32985
44071
9957
26093
30642
18282
68425
49092
43139
42009
95339
63184
71807
65280
44476
58395
26290
70454
64115
93081
47317
77671
76544
84651
60168
57698
4575
6704
11629
27572
4175
54322
44090
46661
52218
33111
64465
1231
81466
99566
72721
64108
51057
30406
25084
42704
90104
26790
20333
83430
54440
65622
14137
83487
92125
94677
85973
71990
22014
30835
5978
61598
91500
61458
74895
39077
94484
67786
39338
58639
98717
86195
16691
25452
52796
98267
99237
8342
17485
93839
45468
530
93396
82543
8043
55130
97702
38832
92499
58190
76194
53071
88550
66192
23832
27009
66712
27249
26889
95782
86979
25603
32827
80579
23418
37603
275
76199
68787
63985
80739
55944
46676
8047
36189
32648
25172
2253
2157
49116
95665
46808
64732
83828
53178
12928
31619
48511
90482
80788
42394
23011
97263
27567
81126
19871
37723
54537
25752
96134
65261
43789
92911
33090
21274
64986
14345
86052
56585
10454
11600
65710
8670
22929
19398
50211
65595
94469
44901
42840
48437
57296
40017
84012
48007
57769
6964
98279
58785
3212
53503
7130
63234
97971
63562
66603
33074
39881
51425
95061
30551
31222
23213
40976
12405
69275
78088
3139
61975
20757
43409
56457
759
51689
53045
55326
59758
79682
46068
83570
23058
39131
84287
95001
91362
1496
61370
41898
51544
72606
3752
20048
79837
96871
44102
68462
50861
34272
81795
49478
72464
40204
31667
671
17241
70509
2267
93881
75572
54450
37884
58578
12176
26910
4825
26946
68415
87772
1726
36238
15966
61201
26132
80336
33992
60490
35140
36911
51542
25117
96584
9166
69716
85885
39085
11888
53947
31244
74189
365
65809
93338
81926
87702
85865
45845
22267
21177
64314
7338
59333
91486
24599
73680
62580
30076
36627
60876
79818
9257
70875
25846
60561
97346
42429
46730
45056
36866
54869
86641
24262
7608
57908
35166
19123
8412
39853
20477
23670
41549
86167
11561
5802
11859
48837
84852
62037
59124
87708
12483
78093
26633
64617
40398
55850
31493
93880
63713
29059
42968
78593
74023
5099
93962
91179
48752
38169
47757
88779
76160
60467
17187
89304
61321
72252
86680
72370
38135
19096
18919
10836
20357
65231
37376
83267
60682
5563
63541
65458
51042
45752
53418
49954
89608
19705
21676
96586
60358
6868
63862
74108
19625
57941
87118
13309
60705
36905
38136
55345
32373
39726
73366
45531
20083
55661
51028
92479
59645
95771
37016
85202
42357
25071
7552
36698
87822
99692
280
1529
6125
28484
12438
97032
44550
49699
69898
43059
15699
37685
94028
23522
33655
31991
74713
64523
42720
11818
17344
18468
9336
22482
69160
41337
61915
97328
46077
51145
5618
8507
74957
59636
9519
23085
38281
76390
62122
37140
58240
94758
17881
9817
85527
82443
12128
21776
64427
16033
4750
37993
30289
18420
23973
63610
58065
80803
20783
43309
21317
76842
11792
69654
39930
5543
83771
33897
91780
31573
56609
73933
38645
26971
53107
48421
69929
56580
3814
93507
99078
91056
23013
99179
57049
75906
28013
75946
14799
32799
38033
69369
32474
20232
81296
19913
76836
34678
59317
58643
70419
90432
65921
75489
36029
76660
35209
96114
78405
53507
97427
55877
1215
15653
54652
64921
92032
21290
49211
17135
20533
57310
86927
7534
85879
87308
94561
87567
18104
8053
36240
5900
85280
22195
87178
53428
83354
20219
64680
55604
88758
53053
46191
32564
35244
68230
62053
78161
35872
77139
36695
92645
8676
18649
66115
40595
80247
85273
61808
95623
35338
82040
61715
76438
52548
95370
7278
75060
16255
59511
12372
27290
23177
21463
4654
77958
8309
21825
2787
49086
99431
28631
4026
27742
71997
83985
95820
52208
16927
49206
72365
90034
52692
63165
32444
69574
10016
60661
58463
47851
92669
32899
28181
71858
70988
50560
90504
17881
96170
11395
44549
73980
32807
18970
97266
64462
94759
46885
39037
1991
35163
93715
68985
92921
85251
87888
22104
14517
58587
58873
98883
28898
37466
51286
74743
97881
36413
21905
71388
15311
94082
26099
5105
79063
79335
69793
88046
83583
9845
75845
47716
25619
72341
89601
47163
80799
2410
27386
33782
26715
28778
53827
18167
59404
12076
59146
86124
74415
11318
95955
76727
61103
92675
26583
17228
89349
54590
26581
91633
51598
80888
87827
33959
59926
49247
65519
79451
87797
16252
17347
77422
89206
72225
90267
67984
24146
9117
20561
51510
68595
72971
26226
34533
89716
78830
87267
18642
22486
50396
29068
9991
92688
9401
46793
66212
93001
80320
34636
64773
33879
94928
12745
72264
58961
78188
76770
17613
35951
72027
30257
23901
8235
6796
98451
33224
19928
61560
63629
66960
7605
63822
6653
99854
85694
66904
87241
90451
39283
8905
46292
2745
78073
1033
67631
74283
98235
15050
93658
34508
45167
39690
49637
53801
69428
54123
94741
8440
20567
22890
84490
79633
29171
51194
98809
65790
86090
52051
62739
76378
39664
67507
62658
92988
96686
54990
39917
28635
30913
96828
25908
89866
74139
16066
67819
47908
89137
84946
82746
54864
1228
93734
69299
98884
95828
7094
493
78265
72958
72767
19462
88613
86582
63048
60401
59448
86530
23424
21163
47096
23859
74670
21061
89191
76677
64822
87670
52807
2798
95675
29813
63032
27998
54773
70419
81650
34245
68365
32557
16713
20954
53366
94726
82880
74119
87114
57340
99708
93148
32544
91356
10505
93262
53364
72131
27862
22529
28957
36837
63664
6916
31890
42148
81154
64177
62338
40412
14528
7970
43114
37157
37600
97290
66688
40523
27205
73103
51218
64109
59307
64031
6519
98703
96200
35986
32840
25519
71699
6860
75432
3789
57912
46665
36097
28975
1929
36004
99283
24324
53714
61269
64718
98164
67493
83698
91225
72055
48104
31200
47046
60812
31058
26843
30862
64411
30467
85916
74673
13920
62531
84715
64801
98849
53945
28479
20478
91698
74361
23375
50871
76970
89942
87981
70828
86576
21121
23407
93251
41274
1773
98015
31715
98691
79361
92644
40801
12473
65977
95305
93588
14234
48758
30500
45840
40229
94811
57657
64647
38059
40575
75569
5645
5218
38430
25361
7370
30923
44449
93117
33949
35410
70282
75189
38027
26779
89521
84114
34668
24455
84229
41122
73964
30477
40923
22451
75171
65064
56901
957
38406
21298
97635
51972
81315
35277
53817
72931
57550
12683
82738
99967
1539
513
82767
91498
9719
43564
42064
88772
12267
19279
22988
56402
11338
1690
92273
52106
61897
65449
83642
74195
49495
4317
84359
87794
75630
4980
70108
36325
95861
86687
73615
3513
68413
89983
61619
2946
61723
73651
12055
37202
38263
58011
28733
86591
78906
34848
4331
58778
37229
49474
44185
54842
16348
48836
93138
84796
42260
81070
65613
96137
67083
26535
65138
62695
73256
38109
93674
17868
65415
69414
93412
6274
30553
73641
34091
70895
19034
62775
57457
89030
49110
27260
17104
19620
65847
29552
6747
27013
91676
1483
52888
1771
90288
94999
58863
7815
28182
58600
26412
47027
58871
37666
48223
47366
73650
25875
60283
48627
59753
27047
66419
81146
81854
21990
99078
7103
56076
73305
60166
21474
17027
42637
93680
90286
87846
39440
77909
37507
50857
68125
89138
78706
82120
91312
81066
39590
57059
80913
44566
90553
56270
85910
60955
74602
764
5950
38589
5314
24073
23235
27397
63927
45019
11715
38864
30245
39425
12212
60027
40709
21631
34844
39182
78814
37400
26015
38319
68011
38657
16241
92671
55245
57467
47183
91344
44541
21770
61560
94611
64318
58588
27939
33276
29560
11796
63950
93388
90563
60998
16080
75664
43636
65668
51945
33086
15978
74409
21850
32481
26871
33072
50411
56246
70422
97408
26174
58968
61246
6049
67411
20302
33828
97830
55636
90293
88725
63815
44909
6213
34353
8847
74620
71031
81756
60071
36181
22796
11640
559
69969
91487
47812
25063
97828
35299
39304
11844
28584
71883
74610
79664
9298
71695
25794
52230
33325
60408
47660
83729
57783
85251
37774
8565
27638
36167
96758
66014
51400
76855
15160
16234
24259
33025
53097
7897
48536
5636
71953
79711
58423
25381
23612
78184
16258
41389
2006
52187
10947
41867
14210
41264
55665
37314
33881
9060
51576
98010
58526
85872
57085
26591
3909
75039
78001
63852
33836
46726
73003
71306
41625
89641
50920
7558
70785
16318
21605
17242
86692
20826
50541
81015
88554
69097
58841
33048
81470
61561
4923
38458
12113
45345
81889
37313
8369
69057
65534
4111
53206
66973
51903
42040
66120
31460
30425
29882
61695
82542
48961
66059
4112
71750
40407
9120
78922
63737
97074
96879
58927
23620
98624
37439
49714
591
22165
4499
62228
39101
88912
36644
74673
67704
30906
35693
14123
12698
93332
82759
9407
58730
23297
42289
41157
31796
34269
4182
42324
11403
76885
21953
83075
88117
91493
40976
7635
70356
65508
74989
77481
9969
69565
81314
15218
60008
460
5686
36555
85
15976
16096
3964
64778
6965
21712
34950
88788
15428
77754
50266
38901
73844
10075
53022
37263
10620
54255
88271
93098
39285
93175
44525
50698
24958
94317
23556
30380
577
93447
22923
86064
87554
44871
46855
28240
60731
60130
85438
64289
85929
86756
79478
89506
49853
36656
19008
21604
96782
59688
7074
9119
84174
72194
57260
59817
70253
92503
83362
29094
50619
5852
82663
80287
68029
79700
10488
78949
29817
77062
92995
11358
80717
70293
27634
23840
95429
40648
76255
64027
74856
59983
64527
67694
52695
90118
63181
75603
44971
2685
41489
83589
4080
17668
51493
26123
71041
82400
22666
68654
54928
64432
21015
37300
6799
11469
54076
45750
96992
39491
83811
88760
49225
46209
43120
59201
32748
11148
38482
11331
64645
35963
61197
36841
28375
98990
22756
42162
71819
46557
76056
15643
8292
20263
83513
51427
7404
24206
45533
53187
29147
69051
8400
75379
24189
90862
29317
72245
96150
31800
88149
15532
97488
87036
370
10746
9625
67690
3767
88718
40090
3093
62664
74374
54695
7366
57723
37802
51144
65060
6851
14085
71975
48560
93270
37811
49379
65932
60532
75794
72164
52103
71060
57245
66049
58520
14742
94496
82438
66850
97169
59331
97988
50834
33306
30102
37515
37033
21691
53002
46169
70037
76708
67242
53310
70565
52040
28339
90162
85969
97103
26301
46041
71787
50082
36270
73875
10263
86117
57962
84698
67210
7268
97276
2966
12070
82082
18513
89757
77730
16879
48865
79335
16408
68341
48196
16032
15858
87545
66601
23055
76150
19260
99838
82550
11473
67169
18425
57168
33665
75594
90069
37350
94606
71392
37060
55707
13130
55849
70348
70090
88782
35757
20251
80359
9527
35268
40103
10347
93428
35690
93602
56132
65344
49103
49223
74516
58867
43458
95796
61449
50990
1791
62177
49184
82413
16233
70933
33031
89942
88690
81032
23878
79073
34405
77787
10981
94648
62008
49622
11073
5396
34291
50712
74437
4181
97570
86147
16353
39952
4370
71993
43217
39683
44063
16460
46618
48983
39194
40387
45808
18603
61393
5306
69220
90732
70107
45629
79122
93739
79809
7786
59928
36959
16926
83671
10393
8114
36413
88308
2604
15175
29704
72405
96608
81691
70727
79284
28490
92
14740
52660
21865
70943
85918
76854
7984
7824
63953
84212
78048
67302
7364
95888
32812
71330
31783
71593
39211
25493
95170
31533
51469
643
28737
79452
5055
37773
92286
99584
45834
56378
25743
22245
13899
95091
14871
52933
61838
90045
88432
38005
50527
1184
16541
96353
32094
29680
85506
80972
99302
30621
83135
46913
53346
14313
40322
92840
17951
46821
39650
12249
6672
5781
19832
37387
32389
21047
75980
83998
33292
31411
80033
8263
77989
18400
23099
68625
3894
36082
12044
44683
37686
41831
36334
2929
44362
47184
57981
14812
52306
50176
67360
26494
5798
80988
90738
51592
3500
91240
31562
8338
91727
43950
76840
50784
94689
15945
2415
50037
80374
7446
66499
65988
80404
64544
89498
12581
4912
59484
80012
60408
19408
40940
81808
39242
79561
61872
84643
128
51997
16102
63002
71698
84433
66392
81132
98660
26864
26610
30203
81697
47018
68468
43970
47537
27924
59341
73030
65519
83192
1869
84575
92713
76485
38299
94463
73505
85652
2934
31528
41530
9158
54628
80219
71912
72646
97862
46981
10033
56897
5803
48242
59363
34919
91566
23405
45377
75556
35025
34985
85168
43734
61609
29800
83113
3361
86834
93
41759
7886
85745
1521
24105
45676
19947
56144
28530
92578
56574
92847
40848
12471
43359
55093
9325
38063
61823
36448
47950
58859
66693
88039
10860
40941
33779
78878
96551
4121
80840
79983
34325
85994
96387
86242
77435
29578
9887
86191
77448
41457
63516
39177
42607
80735
361
21824
89281
55618
66928
61286
80101
24053
38796
81461
4963
17624
17455
50162
1776
33768
13643
30165
32747
70399
27892
5154
28877
9130
62542
72728
90538
88561
51145
71003
85124
47463
70956
32734
14215
59214
12121
41493
32082
23428
13209
98087
85006
28535
36900
92262
6603
49886
51915
14637
48171
2011
7689
36909
45077
20749
36835
34553
20271
11250
97080
25540
4275
61212
69170
51075
7282
85231
60128
29884
13552
35754
22298
76292
80816
88903
87761
84146
